v(1) = 0.000000e+00
v(2) = 0.000000e+00
v(3) = 6.521479e+00
v(4) = 6.521435e+00
v(5) = 1.130813e+01
v(5_q) = 1.130813e+01
v(6) = 5.958854e+00
v(7) = 5.919150e+00
v(8) = 5.919150e+00
v(9) = 0.000000e+00
v(11) = 1.200000e+01
q2#collcx = 5.927184e+00
v_q1_ic#branch = 1.800319e-04
vcc#branch = -5.97350e-03
vs#branch = 0.000000e+00
