v(1) = 0.000000e+00
v(2) = 6.404867e-01
v(3) = 6.320238e+00
v(4) = 1.200000e+01
vcc#branch = -5.73656e-04
vs#branch = 0.000000e+00
