v(1) = 0.000000e+00
v(2) = 5.701941e-01
v(3) = 5.701941e-01
v(4) = 6.488434e+00
v(5) = 5.787521e+00
v(6) = 5.729687e-01
v(7) = 5.787521e+00
v(8) = 0.000000e+00
v(9) = 9.244217e+00
v(10) = 1.200000e+01
q2#collcx = 1.199567e+01
vcc#branch = -5.97340e-03
vs#branch = 0.000000e+00
